Shape of grid: 20 20
0 0 0 17
1 0 1 4
2 0 2 0
3 0 3 7
4 0 4 6
5 0 5 4
6 0 6 5
7 0 7 7
8 0 8 8
9 0 9 1
10 0 10 6
11 0 11 6
12 0 12 3
13 0 13 8
14 0 14 17
15 0 15 17
16 0 16 10
17 0 17 1
18 0 18 11
0 1 19 4
1 1 20 9
2 1 21 0
3 1 22 13
4 1 23 6
5 1 24 16
6 1 25 19
7 1 26 2
8 1 27 16
9 1 28 3
10 1 29 3
11 1 30 19
12 1 31 10
13 1 32 2
14 1 33 5
15 1 34 0
16 1 35 6
17 1 36 11
18 1 37 19
19 1 38 18
0 2 39 16
1 2 40 8
2 2 41 5
3 2 42 15
4 2 43 3
5 2 44 1
6 2 45 11
7 2 46 11
8 2 47 2
9 2 48 13
10 2 49 5
11 2 50 2
12 2 51 10
13 2 52 16
14 2 53 19
15 2 54 19
16 2 55 0
17 2 56 9
18 2 57 4
19 2 58 2
0 3 59 9
1 3 60 19
2 3 61 0
3 3 62 5
4 3 63 10
5 3 64 2
6 3 65 8
7 3 66 8
8 3 67 10
9 3 68 0
10 3 69 15
11 3 70 17
12 3 71 16
13 3 72 6
14 3 73 15
15 3 74 11
16 3 75 4
17 3 76 2
18 3 77 13
19 3 78 1
0 4 79 19
1 4 80 5
2 4 81 11
3 4 82 10
4 4 83 12
5 4 84 14
6 4 85 19
7 4 86 18
8 4 87 19
9 4 88 13
10 4 89 15
11 4 90 11
12 4 91 8
13 4 92 18
14 4 93 2
15 4 94 0
16 4 95 3
17 4 96 17
18 4 97 18
19 4 98 9
0 5 99 9
1 5 100 11
2 5 101 5
3 5 102 15
4 5 103 18
5 5 104 2
6 5 105 4
7 5 106 2
8 5 107 1
9 5 108 16
10 5 109 8
11 5 110 9
12 5 111 0
13 5 112 6
14 5 113 14
15 5 114 10
16 5 115 15
17 5 116 0
18 5 117 13
19 5 118 19
0 6 119 15
1 6 120 14
2 6 121 4
3 6 122 3
4 6 123 2
5 6 124 4
6 6 125 18
7 6 126 11
8 6 127 19
9 6 128 12
10 6 129 4
11 6 130 13
12 6 131 11
13 6 132 6
14 6 133 2
15 6 134 0
16 6 135 1
17 6 136 15
18 6 137 8
19 6 138 3
0 7 139 0
1 7 140 17
2 7 141 4
3 7 142 4
4 7 143 14
5 7 144 9
6 7 145 14
7 7 146 3
8 7 147 9
9 7 148 0
10 7 149 3
11 7 150 10
12 7 151 5
13 7 152 19
14 7 153 18
15 7 154 7
16 7 155 2
17 7 156 3
18 7 157 14
19 7 158 16
0 8 159 10
1 8 160 10
2 8 161 14
3 8 162 13
4 8 163 15
5 8 164 18
6 8 165 6
7 8 166 7
8 8 167 11
9 8 168 13
10 8 169 0
11 8 170 17
12 8 171 13
13 8 172 11
14 8 173 9
15 8 174 2
16 8 175 4
17 8 176 1
18 8 177 13
19 8 178 2
0 9 179 1
1 9 180 13
2 9 181 16
3 9 182 1
4 9 183 8
5 9 184 10
6 9 185 3
7 9 186 14
8 9 187 18
9 9 188 12
10 9 189 1
11 9 190 19
12 9 191 9
13 9 192 5
14 9 193 19
15 9 194 5
16 9 195 12
17 9 196 9
18 9 197 6
19 9 198 1
0 10 199 0
1 10 200 4
2 10 201 2
3 10 202 11
4 10 203 2
5 10 204 5
6 10 205 12
7 10 206 18
8 10 207 10
9 10 208 12
10 10 209 16
11 10 210 0
12 10 211 18
13 10 212 3
14 10 213 0
15 10 214 16
16 10 215 8
17 10 216 16
18 10 217 4
19 10 218 4
0 11 219 4
1 11 220 10
2 11 221 10
3 11 222 13
4 11 223 19
5 11 224 1
6 11 225 6
7 11 226 19
8 11 227 16
9 11 228 17
10 11 229 14
11 11 230 18
12 11 231 4
13 11 232 18
14 11 233 15
15 11 234 17
16 11 235 0
17 11 236 1
18 11 237 3
19 11 238 17
0 12 239 12
1 12 240 15
2 12 241 11
3 12 242 5
4 12 243 6
5 12 244 16
6 12 245 13
7 12 246 5
8 12 247 17
9 12 248 12
10 12 249 9
11 12 250 9
12 12 251 0
13 12 252 8
14 12 253 14
15 12 254 17
16 12 255 13
17 12 256 17
18 12 257 8
19 12 258 3
0 13 259 15
1 13 260 10
2 13 261 9
3 13 262 14
4 13 263 5
5 13 264 4
6 13 265 5
7 13 266 6
8 13 267 8
9 13 268 15
10 13 269 19
11 13 270 9
12 13 271 19
13 13 272 9
14 13 273 17
15 13 274 1
16 13 275 15
17 13 276 5
18 13 277 11
19 13 278 17
0 14 279 3
1 14 280 5
2 14 281 1
3 14 282 17
4 14 283 13
5 14 284 11
6 14 285 0
7 14 286 4
8 14 287 16
9 14 288 2
10 14 289 3
11 14 290 10
12 14 291 18
13 14 292 17
14 14 293 17
15 14 294 7
16 14 295 17
17 14 296 7
18 14 297 4
19 14 298 4
0 15 299 12
1 15 300 8
2 15 301 7
3 15 302 1
4 15 303 3
5 15 304 17
6 15 305 18
7 15 306 12
8 15 307 12
9 15 308 1
10 15 309 5
11 15 310 14
12 15 311 1
13 15 312 1
14 15 313 2
15 15 314 3
16 15 315 2
17 15 316 2
18 15 317 13
19 15 318 8
0 16 319 7
1 16 320 11
2 16 321 6
3 16 322 8
4 16 323 19
5 16 324 16
6 16 325 7
7 16 326 5
8 16 327 2
9 16 328 19
10 16 329 15
11 16 330 19
12 16 331 16
13 16 332 16
14 16 333 8
15 16 334 1
16 16 335 4
17 16 336 5
18 16 337 1
19 16 338 12
0 17 339 5
1 17 340 3
2 17 341 18
3 17 342 6
4 17 343 8
5 17 344 7
6 17 345 12
7 17 346 7
8 17 347 3
9 17 348 17
10 17 349 17
11 17 350 14
12 17 351 10
13 17 352 12
14 17 353 14
15 17 354 19
16 17 355 3
17 17 356 12
18 17 357 9
19 17 358 7
0 18 359 7
1 18 360 18
2 18 361 6
3 18 362 12
4 18 363 4
5 18 364 14
6 18 365 15
7 18 366 0
8 18 367 0
9 18 368 6
10 18 369 1
11 18 370 6
12 18 371 6
13 18 372 11
14 18 373 14
15 18 374 9
16 18 375 3
17 18 376 11
18 18 377 19
19 18 378 14
0 19 379 10
1 19 380 14
2 19 381 12
3 19 382 5
4 19 383 2
5 19 384 2
6 19 385 1
7 19 386 8
8 19 387 6
9 19 388 18
10 19 389 0
11 19 390 0
12 19 391 2
13 19 392 15
14 19 393 5
15 19 394 11
16 19 395 18
17 19 396 10
18 19 397 11
19 19 398 16
0 0 399 17
1 0 400 4
2 0 401 0
3 0 402 7
4 0 403 6
5 0 404 4
6 0 405 5
7 0 406 7
8 0 407 8
9 0 408 1
10 0 409 6
11 0 410 6
12 0 411 3
13 0 412 8
14 0 413 17
15 0 414 17
16 0 415 10
17 0 416 1
18 0 417 11
19 0 418 9
0 1 419 4
1 1 420 9
2 1 421 0
3 1 422 13
4 1 423 6
5 1 424 16
6 1 425 19
7 1 426 2
8 1 427 16
9 1 428 3
10 1 429 3
11 1 430 19
12 1 431 10
13 1 432 2
14 1 433 5
15 1 434 0
16 1 435 6
17 1 436 11
18 1 437 19
19 1 438 18
0 2 439 16
1 2 440 8
2 2 441 5
3 2 442 15
4 2 443 3
5 2 444 1
6 2 445 11
7 2 446 11
8 2 447 2
9 2 448 13
10 2 449 5
11 2 450 2
12 2 451 10
13 2 452 16
14 2 453 19
15 2 454 19
16 2 455 0
17 2 456 9
18 2 457 4
19 2 458 2
0 3 459 9
1 3 460 19
2 3 461 0
3 3 462 5
4 3 463 10
5 3 464 2
6 3 465 8
7 3 466 8
8 3 467 10
9 3 468 0
10 3 469 15
11 3 470 17
12 3 471 16
13 3 472 6
14 3 473 15
15 3 474 11
16 3 475 4
17 3 476 2
18 3 477 13
19 3 478 1
0 4 479 19
1 4 480 5
2 4 481 11
3 4 482 10
4 4 483 12
5 4 484 14
6 4 485 19
7 4 486 18
8 4 487 19
9 4 488 13
10 4 489 15
11 4 490 11
12 4 491 8
13 4 492 18
14 4 493 2
15 4 494 0
16 4 495 3
17 4 496 17
18 4 497 18
19 4 498 9
0 5 499 9
1 5 500 11
2 5 501 5
3 5 502 15
4 5 503 18
5 5 504 2
6 5 505 4
7 5 506 2
8 5 507 1
9 5 508 16
10 5 509 8
11 5 510 9
12 5 511 0
13 5 512 6
14 5 513 14
15 5 514 10
16 5 515 15
17 5 516 0
18 5 517 13
19 5 518 19
0 6 519 15
1 6 520 14
2 6 521 4
3 6 522 3
4 6 523 2
5 6 524 4
6 6 525 18
7 6 526 11
8 6 527 19
9 6 528 12
10 6 529 4
11 6 530 13
12 6 531 11
13 6 532 6
14 6 533 2
15 6 534 0
16 6 535 1
17 6 536 15
18 6 537 8
19 6 538 3
0 7 539 0
1 7 540 17
2 7 541 4
3 7 542 4
4 7 543 14
5 7 544 9
6 7 545 14
7 7 546 3
8 7 547 9
9 7 548 0
10 7 549 3
11 7 550 10
12 7 551 5
13 7 552 19
14 7 553 18
15 7 554 7
16 7 555 2
17 7 556 3
18 7 557 14
19 7 558 16
0 8 559 10
1 8 560 10
2 8 561 14
3 8 562 13
4 8 563 15
5 8 564 18
6 8 565 6
7 8 566 7
8 8 567 11
9 8 568 13
10 8 569 0
11 8 570 17
12 8 571 13
13 8 572 11
14 8 573 9
15 8 574 2
16 8 575 4
17 8 576 1
18 8 577 13
19 8 578 2
0 9 579 1
1 9 580 13
2 9 581 16
3 9 582 1
4 9 583 8
5 9 584 10
6 9 585 3
7 9 586 14
8 9 587 18
9 9 588 12
10 9 589 1
11 9 590 19
12 9 591 9
13 9 592 5
14 9 593 19
15 9 594 5
16 9 595 12
17 9 596 9
18 9 597 6
19 9 598 1
0 10 599 0
1 10 600 4
2 10 601 2
3 10 602 11
4 10 603 2
5 10 604 5
6 10 605 12
7 10 606 18
8 10 607 10
9 10 608 12
10 10 609 16
11 10 610 0
12 10 611 18
13 10 612 3
14 10 613 0
15 10 614 16
16 10 615 8
17 10 616 16
18 10 617 4
19 10 618 4
0 11 619 4
1 11 620 10
2 11 621 10
3 11 622 13
4 11 623 19
5 11 624 1
6 11 625 6
7 11 626 19
8 11 627 16
9 11 628 17
10 11 629 14
11 11 630 18
12 11 631 4
13 11 632 18
14 11 633 15
15 11 634 17
16 11 635 0
17 11 636 1
18 11 637 3
19 11 638 17
0 12 639 12
1 12 640 15
2 12 641 11
3 12 642 5
4 12 643 6
5 12 644 16
6 12 645 13
7 12 646 5
8 12 647 17
9 12 648 12
10 12 649 9
11 12 650 9
12 12 651 0
13 12 652 8
14 12 653 14
15 12 654 17
16 12 655 13
17 12 656 17
18 12 657 8
19 12 658 3
0 13 659 15
1 13 660 10
2 13 661 9
3 13 662 14
4 13 663 5
5 13 664 4
6 13 665 5
7 13 666 6
8 13 667 8
9 13 668 15
10 13 669 19
11 13 670 9
12 13 671 19
13 13 672 9
14 13 673 17
15 13 674 1
16 13 675 15
17 13 676 5
18 13 677 11
19 13 678 17
0 14 679 3
1 14 680 5
2 14 681 1
3 14 682 17
4 14 683 13
5 14 684 11
6 14 685 0
7 14 686 4
8 14 687 16
9 14 688 2
10 14 689 3
11 14 690 10
12 14 691 18
13 14 692 17
14 14 693 17
15 14 694 7
16 14 695 17
17 14 696 7
18 14 697 4
19 14 698 4
0 15 699 12
1 15 700 8
2 15 701 7
3 15 702 1
4 15 703 3
5 15 704 17
6 15 705 18
7 15 706 12
8 15 707 12
9 15 708 1
10 15 709 5
11 15 710 14
12 15 711 1
13 15 712 1
14 15 713 2
15 15 714 3
16 15 715 2
17 15 716 2
18 15 717 13
19 15 718 8
0 16 719 7
1 16 720 11
2 16 721 6
3 16 722 8
4 16 723 19
5 16 724 16
6 16 725 7
7 16 726 5
8 16 727 2
9 16 728 19
10 16 729 15
11 16 730 19
12 16 731 16
13 16 732 16
14 16 733 8
15 16 734 1
16 16 735 4
17 16 736 5
18 16 737 1
19 16 738 12
0 17 739 5
1 17 740 3
2 17 741 18
3 17 742 6
4 17 743 8
5 17 744 7
6 17 745 12
7 17 746 7
8 17 747 3
9 17 748 17
10 17 749 17
11 17 750 14
12 17 751 10
13 17 752 12
14 17 753 14
15 17 754 19
16 17 755 3
17 17 756 12
18 17 757 9
19 17 758 7
0 18 759 7
1 18 760 18
2 18 761 6
3 18 762 12
4 18 763 4
5 18 764 14
6 18 765 15
7 18 766 0
8 18 767 0
9 18 768 6
10 18 769 1
11 18 770 6
12 18 771 6
13 18 772 11
14 18 773 14
15 18 774 9
16 18 775 3
17 18 776 11
18 18 777 19
19 18 778 14
0 19 779 10
1 19 780 14
2 19 781 12
3 19 782 5
4 19 783 2
5 19 784 2
6 19 785 1
7 19 786 8
8 19 787 6
9 19 788 18
10 19 789 0
11 19 790 0
12 19 791 2
13 19 792 15
14 19 793 5
15 19 794 11
16 19 795 18
17 19 796 10
18 19 797 11
19 19 798 16