Shape of grid: 20 20
0 0 0 20
1 0 1 81
2 0 2 19
3 0 3 35
4 0 4 30
5 0 5 65
6 0 6 40
7 0 7 71
8 0 8 83
9 0 9 71
10 0 10 38
11 0 11 14
12 0 12 34
13 0 13 65
14 0 14 84
15 0 15 2
16 0 16 49
17 0 17 90
18 0 18 83
0 1 19 41
1 1 20 77
2 1 21 30
3 1 22 47
4 1 23 55
5 1 24 70
6 1 25 46
7 1 26 48
8 1 27 81
9 1 28 38
10 1 29 35
11 1 30 55
12 1 31 8
13 1 32 59
14 1 33 7
15 1 34 93
16 1 35 4
17 1 36 38
18 1 37 62
19 1 38 43
0 2 39 57
1 2 40 51
2 2 41 56
3 2 42 84
4 2 43 65
5 2 44 62
6 2 45 80
7 2 46 16
8 2 47 86
9 2 48 70
10 2 49 56
11 2 50 95
12 2 51 81
13 2 52 40
14 2 53 71
15 2 54 37
16 2 55 84
17 2 56 85
18 2 57 87
19 2 58 49
0 3 59 86
1 3 60 58
2 3 61 33
3 3 62 1
4 3 63 68
5 3 64 89
6 3 65 42
7 3 66 36
8 3 67 43
9 3 68 82
10 3 69 99
11 3 70 74
12 3 71 17
13 3 72 87
14 3 73 27
15 3 74 12
16 3 75 49
17 3 76 58
18 3 77 83
19 3 78 93
0 4 79 97
1 4 80 11
2 4 81 62
3 4 82 92
4 4 83 75
5 4 84 66
6 4 85 82
7 4 86 94
8 4 87 35
9 4 88 33
10 4 89 92
11 4 90 97
12 4 91 76
13 4 92 99
14 4 93 82
15 4 94 83
16 4 95 32
17 4 96 87
18 4 97 13
19 4 98 8
0 5 99 64
1 5 100 37
2 5 101 75
3 5 102 83
4 5 103 34
5 5 104 14
6 5 105 35
7 5 106 58
8 5 107 76
9 5 108 53
10 5 109 19
11 5 110 42
12 5 111 39
13 5 112 26
14 5 113 32
15 5 114 10
16 5 115 60
17 5 116 84
18 5 117 47
19 5 118 31
0 6 119 86
1 6 120 93
2 6 121 30
3 6 122 38
4 6 123 20
5 6 124 7
6 6 125 83
7 6 126 3
8 6 127 57
9 6 128 67
10 6 129 95
11 6 130 31
12 6 131 9
13 6 132 7
14 6 133 81
15 6 134 42
16 6 135 22
17 6 136 51
18 6 137 74
19 6 138 38
0 7 139 78
1 7 140 93
2 7 141 73
3 7 142 14
4 7 143 74
5 7 144 4
6 7 145 35
7 7 146 53
8 7 147 55
9 7 148 54
10 7 149 44
11 7 150 30
12 7 151 69
13 7 152 93
14 7 153 78
15 7 154 0
16 7 155 75
17 7 156 80
18 7 157 66
19 7 158 8
0 8 159 11
1 8 160 87
2 8 161 23
3 8 162 26
4 8 163 96
5 8 164 78
6 8 165 78
7 8 166 49
8 8 167 53
9 8 168 26
10 8 169 58
11 8 170 64
12 8 171 83
13 8 172 59
14 8 173 68
15 8 174 64
16 8 175 88
17 8 176 32
18 8 177 73
19 8 178 86
0 9 179 45
1 9 180 66
2 9 181 23
3 9 182 2
4 9 183 8
5 9 184 38
6 9 185 38
7 9 186 95
8 9 187 86
9 9 188 38
10 9 189 57
11 9 190 17
12 9 191 83
13 9 192 90
14 9 193 28
15 9 194 65
16 9 195 43
17 9 196 37
18 9 197 41
19 9 198 83
0 10 199 5
1 10 200 87
2 10 201 2
3 10 202 51
4 10 203 84
5 10 204 87
6 10 205 31
7 10 206 17
8 10 207 87
9 10 208 19
10 10 209 35
11 10 210 21
12 10 211 26
13 10 212 21
14 10 213 32
15 10 214 21
16 10 215 62
17 10 216 6
18 10 217 45
19 10 218 79
0 11 219 3
1 11 220 8
2 11 221 37
3 11 222 91
4 11 223 83
5 11 224 95
6 11 225 23
7 11 226 31
8 11 227 18
9 11 228 16
10 11 229 20
11 11 230 98
12 11 231 36
13 11 232 83
14 11 233 2
15 11 234 38
16 11 235 7
17 11 236 87
18 11 237 93
19 11 238 40
0 12 239 2
1 12 240 58
2 12 241 66
3 12 242 28
4 12 243 30
5 12 244 51
6 12 245 60
7 12 246 37
8 12 247 94
9 12 248 95
10 12 249 82
11 12 250 75
12 12 251 9
13 12 252 13
14 12 253 38
15 12 254 76
16 12 255 21
17 12 256 12
18 12 257 61
19 12 258 28
0 13 259 44
1 13 260 46
2 13 261 62
3 13 262 4
4 13 263 28
5 13 264 41
6 13 265 44
7 13 266 42
8 13 267 60
9 13 268 19
10 13 269 42
11 13 270 87
12 13 271 41
13 13 272 39
14 13 273 52
15 13 274 9
16 13 275 69
17 13 276 48
18 13 277 87
19 13 278 11
0 14 279 22
1 14 280 69
2 14 281 95
3 14 282 94
4 14 283 14
5 14 284 4
6 14 285 90
7 14 286 44
8 14 287 39
9 14 288 49
10 14 289 33
11 14 290 59
12 14 291 31
13 14 292 11
14 14 293 70
15 14 294 71
16 14 295 72
17 14 296 95
18 14 297 60
19 14 298 29
0 15 299 79
1 15 300 25
2 15 301 7
3 15 302 14
4 15 303 90
5 15 304 81
6 15 305 79
7 15 306 65
8 15 307 31
9 15 308 53
10 15 309 14
11 15 310 84
12 15 311 43
13 15 312 90
14 15 313 64
15 15 314 33
16 15 315 90
17 15 316 71
18 15 317 23
19 15 318 10
0 16 319 50
1 16 320 13
2 16 321 9
3 16 322 13
4 16 323 96
5 16 324 12
6 16 325 36
7 16 326 68
8 16 327 28
9 16 328 53
10 16 329 40
11 16 330 51
12 16 331 47
13 16 332 22
14 16 333 83
15 16 334 29
16 16 335 23
17 16 336 22
18 16 337 80
19 16 338 48
0 17 339 62
1 17 340 90
2 17 341 0
3 17 342 37
4 17 343 73
5 17 344 5
6 17 345 2
7 17 346 23
8 17 347 13
9 17 348 81
10 17 349 4
11 17 350 95
12 17 351 84
13 17 352 97
14 17 353 15
15 17 354 14
16 17 355 56
17 17 356 61
18 17 357 89
19 17 358 2
0 18 359 49
1 18 360 34
2 18 361 73
3 18 362 25
4 18 363 90
5 18 364 99
6 18 365 70
7 18 366 5
8 18 367 9
9 18 368 24
10 18 369 96
11 18 370 63
12 18 371 37
13 18 372 72
14 18 373 89
15 18 374 43
16 18 375 35
17 18 376 38
18 18 377 55
19 18 378 60
0 19 379 22
1 19 380 10
2 19 381 21
3 19 382 13
4 19 383 35
5 19 384 49
6 19 385 4
7 19 386 54
8 19 387 83
9 19 388 99
10 19 389 93
11 19 390 74
12 19 391 28
13 19 392 84
14 19 393 48
15 19 394 67
16 19 395 3
17 19 396 16
18 19 397 20
19 19 398 23
0 0 399 20
1 0 400 81
2 0 401 19
3 0 402 35
4 0 403 30
5 0 404 65
6 0 405 40
7 0 406 71
8 0 407 83
9 0 408 71
10 0 409 38
11 0 410 14
12 0 411 34
13 0 412 65
14 0 413 84
15 0 414 2
16 0 415 49
17 0 416 90
18 0 417 83
19 0 418 76
0 1 419 41
1 1 420 77
2 1 421 30
3 1 422 47
4 1 423 55
5 1 424 70
6 1 425 46
7 1 426 48
8 1 427 81
9 1 428 38
10 1 429 35
11 1 430 55
12 1 431 8
13 1 432 59
14 1 433 7
15 1 434 93
16 1 435 4
17 1 436 38
18 1 437 62
19 1 438 43
0 2 439 57
1 2 440 51
2 2 441 56
3 2 442 84
4 2 443 65
5 2 444 62
6 2 445 80
7 2 446 16
8 2 447 86
9 2 448 70
10 2 449 56
11 2 450 95
12 2 451 81
13 2 452 40
14 2 453 71
15 2 454 37
16 2 455 84
17 2 456 85
18 2 457 87
19 2 458 49
0 3 459 86
1 3 460 58
2 3 461 33
3 3 462 1
4 3 463 68
5 3 464 89
6 3 465 42
7 3 466 36
8 3 467 43
9 3 468 82
10 3 469 99
11 3 470 74
12 3 471 17
13 3 472 87
14 3 473 27
15 3 474 12
16 3 475 49
17 3 476 58
18 3 477 83
19 3 478 93
0 4 479 97
1 4 480 11
2 4 481 62
3 4 482 92
4 4 483 75
5 4 484 66
6 4 485 82
7 4 486 94
8 4 487 35
9 4 488 33
10 4 489 92
11 4 490 97
12 4 491 76
13 4 492 99
14 4 493 82
15 4 494 83
16 4 495 32
17 4 496 87
18 4 497 13
19 4 498 8
0 5 499 64
1 5 500 37
2 5 501 75
3 5 502 83
4 5 503 34
5 5 504 14
6 5 505 35
7 5 506 58
8 5 507 76
9 5 508 53
10 5 509 19
11 5 510 42
12 5 511 39
13 5 512 26
14 5 513 32
15 5 514 10
16 5 515 60
17 5 516 84
18 5 517 47
19 5 518 31
0 6 519 86
1 6 520 93
2 6 521 30
3 6 522 38
4 6 523 20
5 6 524 7
6 6 525 83
7 6 526 3
8 6 527 57
9 6 528 67
10 6 529 95
11 6 530 31
12 6 531 9
13 6 532 7
14 6 533 81
15 6 534 42
16 6 535 22
17 6 536 51
18 6 537 74
19 6 538 38
0 7 539 78
1 7 540 93
2 7 541 73
3 7 542 14
4 7 543 74
5 7 544 4
6 7 545 35
7 7 546 53
8 7 547 55
9 7 548 54
10 7 549 44
11 7 550 30
12 7 551 69
13 7 552 93
14 7 553 78
15 7 554 0
16 7 555 75
17 7 556 80
18 7 557 66
19 7 558 8
0 8 559 11
1 8 560 87
2 8 561 23
3 8 562 26
4 8 563 96
5 8 564 78
6 8 565 78
7 8 566 49
8 8 567 53
9 8 568 26
10 8 569 58
11 8 570 64
12 8 571 83
13 8 572 59
14 8 573 68
15 8 574 64
16 8 575 88
17 8 576 32
18 8 577 73
19 8 578 86
0 9 579 45
1 9 580 66
2 9 581 23
3 9 582 2
4 9 583 8
5 9 584 38
6 9 585 38
7 9 586 95
8 9 587 86
9 9 588 38
10 9 589 57
11 9 590 17
12 9 591 83
13 9 592 90
14 9 593 28
15 9 594 65
16 9 595 43
17 9 596 37
18 9 597 41
19 9 598 83
0 10 599 5
1 10 600 87
2 10 601 2
3 10 602 51
4 10 603 84
5 10 604 87
6 10 605 31
7 10 606 17
8 10 607 87
9 10 608 19
10 10 609 35
11 10 610 21
12 10 611 26
13 10 612 21
14 10 613 32
15 10 614 21
16 10 615 62
17 10 616 6
18 10 617 45
19 10 618 79
0 11 619 3
1 11 620 8
2 11 621 37
3 11 622 91
4 11 623 83
5 11 624 95
6 11 625 23
7 11 626 31
8 11 627 18
9 11 628 16
10 11 629 20
11 11 630 98
12 11 631 36
13 11 632 83
14 11 633 2
15 11 634 38
16 11 635 7
17 11 636 87
18 11 637 93
19 11 638 40
0 12 639 2
1 12 640 58
2 12 641 66
3 12 642 28
4 12 643 30
5 12 644 51
6 12 645 60
7 12 646 37
8 12 647 94
9 12 648 95
10 12 649 82
11 12 650 75
12 12 651 9
13 12 652 13
14 12 653 38
15 12 654 76
16 12 655 21
17 12 656 12
18 12 657 61
19 12 658 28
0 13 659 44
1 13 660 46
2 13 661 62
3 13 662 4
4 13 663 28
5 13 664 41
6 13 665 44
7 13 666 42
8 13 667 60
9 13 668 19
10 13 669 42
11 13 670 87
12 13 671 41
13 13 672 39
14 13 673 52
15 13 674 9
16 13 675 69
17 13 676 48
18 13 677 87
19 13 678 11
0 14 679 22
1 14 680 69
2 14 681 95
3 14 682 94
4 14 683 14
5 14 684 4
6 14 685 90
7 14 686 44
8 14 687 39
9 14 688 49
10 14 689 33
11 14 690 59
12 14 691 31
13 14 692 11
14 14 693 70
15 14 694 71
16 14 695 72
17 14 696 95
18 14 697 60
19 14 698 29
0 15 699 79
1 15 700 25
2 15 701 7
3 15 702 14
4 15 703 90
5 15 704 81
6 15 705 79
7 15 706 65
8 15 707 31
9 15 708 53
10 15 709 14
11 15 710 84
12 15 711 43
13 15 712 90
14 15 713 64
15 15 714 33
16 15 715 90
17 15 716 71
18 15 717 23
19 15 718 10
0 16 719 50
1 16 720 13
2 16 721 9
3 16 722 13
4 16 723 96
5 16 724 12
6 16 725 36
7 16 726 68
8 16 727 28
9 16 728 53
10 16 729 40
11 16 730 51
12 16 731 47
13 16 732 22
14 16 733 83
15 16 734 29
16 16 735 23
17 16 736 22
18 16 737 80
19 16 738 48
0 17 739 62
1 17 740 90
2 17 741 0
3 17 742 37
4 17 743 73
5 17 744 5
6 17 745 2
7 17 746 23
8 17 747 13
9 17 748 81
10 17 749 4
11 17 750 95
12 17 751 84
13 17 752 97
14 17 753 15
15 17 754 14
16 17 755 56
17 17 756 61
18 17 757 89
19 17 758 2
0 18 759 49
1 18 760 34
2 18 761 73
3 18 762 25
4 18 763 90
5 18 764 99
6 18 765 70
7 18 766 5
8 18 767 9
9 18 768 24
10 18 769 96
11 18 770 63
12 18 771 37
13 18 772 72
14 18 773 89
15 18 774 43
16 18 775 35
17 18 776 38
18 18 777 55
19 18 778 60
0 19 779 22
1 19 780 10
2 19 781 21
3 19 782 13
4 19 783 35
5 19 784 49
6 19 785 4
7 19 786 54
8 19 787 83
9 19 788 99
10 19 789 93
11 19 790 74
12 19 791 28
13 19 792 84
14 19 793 48
15 19 794 67
16 19 795 3
17 19 796 16
18 19 797 20
19 19 798 23