Shape of grid: 20 20
0 0 0 51
1 0 1 41
2 0 2 70
3 0 3 25
4 0 4 15
5 0 5 73
6 0 6 29
7 0 7 72
8 0 8 41
9 0 9 92
10 0 10 20
11 0 11 17
12 0 12 20
13 0 13 43
14 0 14 89
15 0 15 25
16 0 16 59
17 0 17 90
18 0 18 35
19 0 19 22
0 1 20 8
1 1 21 66
2 1 22 56
3 1 23 17
4 1 24 28
5 1 25 17
6 1 26 89
7 1 27 63
8 1 28 42
9 1 29 26
10 1 30 45
11 1 31 86
12 1 32 87
13 1 33 95
14 1 34 14
15 1 35 39
16 1 36 52
17 1 37 79
18 1 38 27
19 1 39 20
0 2 40 54
1 2 41 65
2 2 42 4
3 2 43 11
4 2 44 4
5 2 45 88
6 2 46 60
7 2 47 2
8 2 48 81
9 2 49 24
10 2 50 56
11 2 51 41
12 2 52 7
13 2 53 99
14 2 54 4
15 2 55 42
16 2 56 94
17 2 57 13
18 2 58 6
19 2 59 38
0 3 60 41
1 3 61 62
2 3 62 82
3 3 63 89
4 3 64 64
5 3 65 63
6 3 66 62
7 3 67 25
8 3 68 75
9 3 69 69
10 3 70 27
11 3 71 1
12 3 72 16
13 3 73 47
14 3 74 59
15 3 75 84
16 3 76 57
17 3 77 65
18 3 78 3
19 3 79 98
0 4 80 86
1 4 81 23
2 4 82 33
3 4 83 49
4 4 84 51
5 4 85 24
6 4 86 57
7 4 87 89
8 4 88 44
9 4 89 32
10 4 90 0
11 4 91 62
12 4 92 64
13 4 93 70
14 4 94 3
15 4 95 71
16 4 96 86
17 4 97 54
18 4 98 25
19 4 99 89
0 5 100 13
1 5 101 46
2 5 102 47
3 5 103 99
4 5 104 43
5 5 105 60
6 5 106 76
7 5 107 58
8 5 108 86
9 5 109 14
10 5 110 52
11 5 111 60
12 5 112 19
13 5 113 46
14 5 114 86
15 5 115 39
16 5 116 2
17 5 117 48
18 5 118 73
19 5 119 25
0 6 120 20
1 6 121 35
2 6 122 56
3 6 123 43
4 6 124 0
5 6 125 7
6 6 126 58
7 6 127 41
8 6 128 41
9 6 129 0
10 6 130 63
11 6 131 38
12 6 132 98
13 6 133 1
14 6 134 32
15 6 135 53
16 6 136 10
17 6 137 20
18 6 138 44
19 6 139 92
0 7 140 45
1 7 141 94
2 7 142 99
3 7 143 31
4 7 144 3
5 7 145 90
6 7 146 37
7 7 147 92
8 7 148 54
9 7 149 28
10 7 150 60
11 7 151 81
12 7 152 46
13 7 153 46
14 7 154 45
15 7 155 9
16 7 156 72
17 7 157 54
18 7 158 94
19 7 159 6
0 8 160 28
1 8 161 94
2 8 162 74
3 8 163 42
4 8 164 80
5 8 165 43
6 8 166 2
7 8 167 48
8 8 168 79
9 8 169 57
10 8 170 18
11 8 171 61
12 8 172 49
13 8 173 19
14 8 174 16
15 8 175 28
16 8 176 22
17 8 177 7
18 8 178 57
19 8 179 16
0 9 180 19
1 9 181 63
2 9 182 17
3 9 183 62
4 9 184 56
5 9 185 59
6 9 186 11
7 9 187 0
8 9 188 49
9 9 189 23
10 9 190 24
11 9 191 51
12 9 192 37
13 9 193 15
14 9 194 95
15 9 195 22
16 9 196 61
17 9 197 56
18 9 198 81
19 9 199 2
0 10 200 9
1 10 201 69
2 10 202 36
3 10 203 57
4 10 204 63
5 10 205 12
6 10 206 8
7 10 207 65
8 10 208 47
9 10 209 59
10 10 210 31
11 10 211 21
12 10 212 84
13 10 213 28
14 10 214 41
15 10 215 84
16 10 216 22
17 10 217 61
18 10 218 61
19 10 219 24
0 11 220 25
1 11 221 40
2 11 222 20
3 11 223 60
4 11 224 10
5 11 225 13
6 11 226 17
7 11 227 21
8 11 228 93
9 11 229 2
10 11 230 72
11 11 231 78
12 11 232 33
13 11 233 10
14 11 234 13
15 11 235 56
16 11 236 7
17 11 237 63
18 11 238 83
19 11 239 3
0 12 240 81
1 12 241 94
2 12 242 26
3 12 243 86
4 12 244 62
5 12 245 66
6 12 246 78
7 12 247 87
8 12 248 52
9 12 249 16
10 12 250 27
11 12 251 2
12 12 252 44
13 12 253 29
14 12 254 22
15 12 255 65
16 12 256 97
17 12 257 76
18 12 258 95
19 12 259 1
0 13 260 15
1 13 261 53
2 13 262 24
3 13 263 54
4 13 264 5
5 13 265 51
6 13 266 6
7 13 267 9
8 13 268 54
9 13 269 13
10 13 270 85
11 13 271 77
12 13 272 41
13 13 273 99
14 13 274 29
15 13 275 66
16 13 276 18
17 13 277 94
18 13 278 35
19 13 279 66
0 14 280 63
1 14 281 61
2 14 282 4
3 14 283 88
4 14 284 22
5 14 285 62
6 14 286 53
7 14 287 59
8 14 288 9
9 14 289 26
10 14 290 2
11 14 291 65
12 14 292 84
13 14 293 51
14 14 294 38
15 14 295 47
16 14 296 17
17 14 297 65
18 14 298 13
19 14 299 60
0 15 300 49
1 15 301 97
2 15 302 17
3 15 303 79
4 15 304 10
5 15 305 76
6 15 306 68
7 15 307 23
8 15 308 19
9 15 309 46
10 15 310 3
11 15 311 56
12 15 312 64
13 15 313 1
14 15 314 49
15 15 315 97
16 15 316 96
17 15 317 68
18 15 318 96
19 15 319 0
0 16 320 73
1 16 321 16
2 16 322 2
3 16 323 35
4 16 324 53
5 16 325 98
6 16 326 34
7 16 327 75
8 16 328 71
9 16 329 61
10 16 330 55
11 16 331 77
12 16 332 26
13 16 333 93
14 16 334 67
15 16 335 95
16 16 336 13
17 16 337 36
18 16 338 74
19 16 339 0
0 17 340 48
1 17 341 85
2 17 342 62
3 17 343 8
4 17 344 83
5 17 345 26
6 17 346 1
7 17 347 13
8 17 348 50
9 17 349 32
10 17 350 51
11 17 351 13
12 17 352 95
13 17 353 36
14 17 354 65
15 17 355 98
16 17 356 93
17 17 357 67
19 17 358 59
0 18 359 70
1 18 360 5
2 18 361 16
3 18 362 90
4 18 363 39
5 18 364 66
6 18 365 45
7 18 366 18
8 18 367 54
9 18 368 48
10 18 369 42
11 18 370 18
12 18 371 41
13 18 372 81
14 18 373 33
15 18 374 58
16 18 375 8
17 18 376 81
18 18 377 95
19 18 378 56
0 19 379 79
1 19 380 60
2 19 381 95
3 19 382 62
4 19 383 85
5 19 384 41
6 19 385 38
7 19 386 89
8 19 387 1
9 19 388 97
10 19 389 33
11 19 390 18
12 19 391 75
13 19 392 38
14 19 393 27
15 19 394 99
16 19 395 37
17 19 396 69
18 19 397 22
19 19 398 94
0 0 399 51
1 0 400 41
2 0 401 70
3 0 402 25
4 0 403 15
5 0 404 73
6 0 405 29
7 0 406 72
8 0 407 41
9 0 408 92
10 0 409 20
11 0 410 17
12 0 411 20
13 0 412 43
14 0 413 89
15 0 414 25
16 0 415 59
17 0 416 90
18 0 417 35
19 0 418 22
0 1 419 8
1 1 420 66
2 1 421 56
3 1 422 17
4 1 423 28
5 1 424 17
6 1 425 89
7 1 426 63
8 1 427 42
9 1 428 26
10 1 429 45
11 1 430 86
12 1 431 87
13 1 432 95
14 1 433 14
15 1 434 39
16 1 435 52
17 1 436 79
18 1 437 27
19 1 438 20
0 2 439 54
1 2 440 65
2 2 441 4
3 2 442 11
4 2 443 4
5 2 444 88
6 2 445 60
7 2 446 2
8 2 447 81
9 2 448 24
10 2 449 56
11 2 450 41
12 2 451 7
13 2 452 99
14 2 453 4
15 2 454 42
16 2 455 94
17 2 456 13
18 2 457 6
19 2 458 38
0 3 459 41
1 3 460 62
2 3 461 82
3 3 462 89
4 3 463 64
5 3 464 63
6 3 465 62
7 3 466 25
8 3 467 75
9 3 468 69
10 3 469 27
11 3 470 1
12 3 471 16
13 3 472 47
14 3 473 59
15 3 474 84
16 3 475 57
17 3 476 65
18 3 477 3
19 3 478 98
0 4 479 86
1 4 480 23
2 4 481 33
3 4 482 49
4 4 483 51
5 4 484 24
6 4 485 57
7 4 486 89
8 4 487 44
9 4 488 32
10 4 489 0
11 4 490 62
12 4 491 64
13 4 492 70
14 4 493 3
15 4 494 71
16 4 495 86
17 4 496 54
18 4 497 25
19 4 498 89
0 5 499 13
1 5 500 46
2 5 501 47
3 5 502 99
4 5 503 43
5 5 504 60
6 5 505 76
7 5 506 58
8 5 507 86
9 5 508 14
10 5 509 52
11 5 510 60
12 5 511 19
13 5 512 46
14 5 513 86
15 5 514 39
16 5 515 2
17 5 516 48
18 5 517 73
19 5 518 25
0 6 519 20
1 6 520 35
2 6 521 56
3 6 522 43
4 6 523 0
5 6 524 7
6 6 525 58
7 6 526 41
8 6 527 41
9 6 528 0
10 6 529 63
11 6 530 38
12 6 531 98
13 6 532 1
14 6 533 32
15 6 534 53
16 6 535 10
17 6 536 20
18 6 537 44
19 6 538 92
0 7 539 45
1 7 540 94
2 7 541 99
3 7 542 31
4 7 543 3
5 7 544 90
6 7 545 37
7 7 546 92
8 7 547 54
9 7 548 28
10 7 549 60
11 7 550 81
12 7 551 46
13 7 552 46
14 7 553 45
15 7 554 9
16 7 555 72
17 7 556 54
18 7 557 94
19 7 558 6
0 8 559 28
1 8 560 94
2 8 561 74
3 8 562 42
4 8 563 80
5 8 564 43
6 8 565 2
7 8 566 48
8 8 567 79
9 8 568 57
10 8 569 18
11 8 570 61
12 8 571 49
13 8 572 19
14 8 573 16
15 8 574 28
16 8 575 22
17 8 576 7
18 8 577 57
19 8 578 16
0 9 579 19
1 9 580 63
2 9 581 17
3 9 582 62
4 9 583 56
5 9 584 59
6 9 585 11
7 9 586 0
8 9 587 49
9 9 588 23
10 9 589 24
11 9 590 51
12 9 591 37
13 9 592 15
14 9 593 95
15 9 594 22
16 9 595 61
17 9 596 56
18 9 597 81
19 9 598 2
0 10 599 9
1 10 600 69
2 10 601 36
3 10 602 57
4 10 603 63
5 10 604 12
6 10 605 8
7 10 606 65
8 10 607 47
9 10 608 59
10 10 609 31
11 10 610 21
12 10 611 84
13 10 612 28
14 10 613 41
15 10 614 84
16 10 615 22
17 10 616 61
18 10 617 61
19 10 618 24
0 11 619 25
1 11 620 40
2 11 621 20
3 11 622 60
4 11 623 10
5 11 624 13
6 11 625 17
7 11 626 21
8 11 627 93
9 11 628 2
10 11 629 72
11 11 630 78
12 11 631 33
13 11 632 10
14 11 633 13
15 11 634 56
16 11 635 7
17 11 636 63
18 11 637 83
19 11 638 3
0 12 639 81
1 12 640 94
2 12 641 26
3 12 642 86
4 12 643 62
5 12 644 66
6 12 645 78
7 12 646 87
8 12 647 52
9 12 648 16
10 12 649 27
11 12 650 2
12 12 651 44
13 12 652 29
14 12 653 22
15 12 654 65
16 12 655 97
17 12 656 76
18 12 657 95
19 12 658 1
0 13 659 15
1 13 660 53
2 13 661 24
3 13 662 54
4 13 663 5
5 13 664 51
6 13 665 6
7 13 666 9
8 13 667 54
9 13 668 13
10 13 669 85
11 13 670 77
12 13 671 41
13 13 672 99
14 13 673 29
15 13 674 66
16 13 675 18
17 13 676 94
18 13 677 35
19 13 678 66
0 14 679 63
1 14 680 61
2 14 681 4
3 14 682 88
4 14 683 22
5 14 684 62
6 14 685 53
7 14 686 59
8 14 687 9
9 14 688 26
10 14 689 2
11 14 690 65
12 14 691 84
13 14 692 51
14 14 693 38
15 14 694 47
16 14 695 17
17 14 696 65
18 14 697 13
19 14 698 60
0 15 699 49
1 15 700 97
2 15 701 17
3 15 702 79
4 15 703 10
5 15 704 76
6 15 705 68
7 15 706 23
8 15 707 19
9 15 708 46
10 15 709 3
11 15 710 56
12 15 711 64
13 15 712 1
14 15 713 49
15 15 714 97
16 15 715 96
17 15 716 68
18 15 717 96
19 15 718 0
0 16 719 73
1 16 720 16
2 16 721 2
3 16 722 35
4 16 723 53
5 16 724 98
6 16 725 34
7 16 726 75
8 16 727 71
9 16 728 61
10 16 729 55
11 16 730 77
12 16 731 26
13 16 732 93
14 16 733 67
15 16 734 95
16 16 735 13
17 16 736 36
18 16 737 74
19 16 738 0
0 17 739 48
1 17 740 85
2 17 741 62
3 17 742 8
4 17 743 83
5 17 744 26
6 17 745 1
7 17 746 13
8 17 747 50
9 17 748 32
10 17 749 51
11 17 750 13
12 17 751 95
13 17 752 36
14 17 753 65
15 17 754 98
16 17 755 93
17 17 756 67
18 17 757 85
19 17 758 59
0 18 759 70
1 18 760 5
2 18 761 16
3 18 762 90
4 18 763 39
5 18 764 66
6 18 765 45
7 18 766 18
8 18 767 54
9 18 768 48
10 18 769 42
11 18 770 18
12 18 771 41
13 18 772 81
14 18 773 33
15 18 774 58
16 18 775 8
17 18 776 81
18 18 777 95
19 18 778 56
0 19 779 79
1 19 780 60
2 19 781 95
3 19 782 62
4 19 783 85
5 19 784 41
6 19 785 38
7 19 786 89
8 19 787 1
9 19 788 97
10 19 789 33
11 19 790 18
12 19 791 75
13 19 792 38
14 19 793 27
15 19 794 99
16 19 795 37
17 19 796 69
18 19 797 22
19 19 798 94