Shape of grid: 20 20
0 0 0 0
1 0 1 0
2 0 2 16
3 0 3 17
4 0 4 17
5 0 5 5
6 0 6 0
7 0 7 13
8 0 8 11
9 0 9 9
10 0 10 8
11 0 11 5
12 0 12 7
13 0 13 2
14 0 14 18
15 0 15 0
16 0 16 13
17 0 17 8
18 0 18 15
19 0 19 0
0 1 20 15
1 1 21 11
2 1 22 8
3 1 23 3
4 1 24 16
5 1 25 10
6 1 26 4
7 1 27 10
8 1 28 18
9 1 29 9
10 1 30 13
11 1 31 9
12 1 32 3
13 1 33 2
14 1 34 4
15 1 35 2
16 1 36 6
17 1 37 10
18 1 38 12
19 1 39 7
0 2 40 2
1 2 41 3
2 2 42 19
3 2 43 12
4 2 44 11
5 2 45 2
6 2 46 11
7 2 47 12
8 2 48 14
9 2 49 10
10 2 50 16
11 2 51 13
12 2 52 3
13 2 53 4
14 2 54 14
15 2 55 4
16 2 56 15
17 2 57 16
18 2 58 0
19 2 59 16
0 3 60 11
1 3 61 14
2 3 62 17
3 3 63 11
4 3 64 0
5 3 65 16
6 3 66 13
7 3 67 12
8 3 68 12
9 3 69 0
10 3 70 14
11 3 71 6
12 3 72 6
13 3 73 8
14 3 74 16
15 3 75 19
16 3 76 12
17 3 77 14
18 3 78 9
19 3 79 13
0 4 80 14
1 4 81 7
2 4 82 11
3 4 83 8
4 4 84 3
5 4 85 10
6 4 86 10
7 4 87 19
8 4 88 3
9 4 89 15
10 4 90 14
11 4 91 16
12 4 92 0
13 4 93 11
14 4 94 1
15 4 95 10
16 4 96 3
17 4 97 8
18 4 98 13
19 4 99 9
0 5 100 18
1 5 101 12
2 5 102 8
3 5 103 14
4 5 104 12
5 5 105 10
6 5 106 10
7 5 107 5
8 5 108 13
9 5 109 6
10 5 110 19
11 5 111 18
12 5 112 2
13 5 113 9
14 5 114 9
15 5 115 16
16 5 116 6
17 5 117 14
18 5 118 10
19 5 119 16
0 6 120 17
1 6 121 13
2 6 122 16
3 6 123 10
4 6 124 17
5 6 125 2
6 6 126 1
7 6 127 11
8 6 128 15
9 6 129 13
10 6 130 1
11 6 131 2
12 6 132 13
13 6 133 14
14 6 134 16
15 6 135 19
16 6 136 14
17 6 137 15
18 6 138 1
19 6 139 9
0 7 140 5
1 7 141 10
2 7 142 5
3 7 143 6
4 7 144 19
5 7 145 1
6 7 146 5
7 7 147 0
8 7 148 3
9 7 149 9
10 7 150 8
11 7 151 14
13 7 152 3
14 7 153 7
15 7 154 7
16 7 155 19
17 7 156 10
18 7 157 10
19 7 158 10
0 8 159 9
1 8 160 17
2 8 161 11
3 8 162 9
4 8 163 8
5 8 164 16
6 8 165 5
7 8 166 12
8 8 167 5
9 8 168 0
10 8 169 16
11 8 170 3
12 8 171 10
13 8 172 15
14 8 173 7
15 8 174 10
16 8 175 7
17 8 176 15
18 8 177 18
19 8 178 7
0 9 179 9
1 9 180 17
2 9 181 13
3 9 182 9
4 9 183 1
5 9 184 15
6 9 185 5
7 9 186 9
8 9 187 1
9 9 188 18
10 9 189 14
11 9 190 17
12 9 191 11
13 9 192 11
14 9 193 10
15 9 194 15
16 9 195 15
17 9 196 1
18 9 197 8
19 9 198 7
0 10 199 3
1 10 200 18
2 10 201 7
3 10 202 6
4 10 203 2
5 10 204 11
6 10 205 4
7 10 206 3
8 10 207 0
9 10 208 17
10 10 209 5
11 10 210 2
12 10 211 16
13 10 212 13
14 10 213 0
15 10 214 10
16 10 215 18
17 10 216 9
18 10 217 6
19 10 218 5
0 11 219 10
1 11 220 6
2 11 221 18
3 11 222 15
4 11 223 15
5 11 224 18
6 11 225 15
7 11 226 19
8 11 227 19
9 11 228 5
10 11 229 11
11 11 230 17
12 11 231 7
13 11 232 4
14 11 233 9
15 11 234 12
16 11 235 13
17 11 236 17
18 11 237 13
19 11 238 4
0 12 239 11
1 12 240 12
2 12 241 18
3 12 242 2
4 12 243 0
5 12 244 0
6 12 245 5
7 12 246 3
8 12 247 12
9 12 248 17
10 12 249 9
11 12 250 10
12 12 251 4
13 12 252 13
14 12 253 14
15 12 254 3
16 12 255 2
17 12 256 7
18 12 257 8
19 12 258 14
0 13 259 4
1 13 260 9
2 13 261 1
3 13 262 0
4 13 263 13
5 13 264 16
6 13 265 8
7 13 266 2
8 13 267 7
9 13 268 18
10 13 269 1
11 13 270 18
12 13 271 0
13 13 272 4
14 13 273 9
15 13 274 11
16 13 275 14
17 13 276 19
18 13 277 5
19 13 278 7
0 14 279 13
1 14 280 16
2 14 281 13
3 14 282 18
4 14 283 12
5 14 284 6
6 14 285 10
7 14 286 12
8 14 287 2
9 14 288 11
10 14 289 1
11 14 290 1
12 14 291 10
13 14 292 4
14 14 293 0
15 14 294 18
16 14 295 1
17 14 296 5
18 14 297 3
19 14 298 17
0 15 299 4
1 15 300 3
2 15 301 1
3 15 302 3
4 15 303 14
5 15 304 5
6 15 305 15
7 15 306 17
8 15 307 5
9 15 308 6
10 15 309 2
11 15 310 8
12 15 311 18
13 15 312 9
14 15 313 4
15 15 314 10
16 15 315 19
17 15 316 4
18 15 317 18
19 15 318 18
0 16 319 19
1 16 320 0
2 16 321 12
3 16 322 17
4 16 323 17
5 16 324 17
6 16 325 7
7 16 326 19
8 16 327 2
9 16 328 0
10 16 329 4
11 16 330 5
12 16 331 16
13 16 332 16
14 16 333 18
15 16 334 19
16 16 335 18
17 16 336 14
18 16 337 3
19 16 338 1
0 17 339 0
1 17 340 5
2 17 341 13
3 17 342 4
4 17 343 14
5 17 344 12
6 17 345 5
7 17 346 0
8 17 347 11
9 17 348 15
10 17 349 15
11 17 350 11
12 17 351 9
13 17 352 12
14 17 353 18
15 17 354 14
16 17 355 19
17 17 356 14
18 17 357 9
19 17 358 7
0 18 359 13
1 18 360 11
2 18 361 9
3 18 362 11
4 18 363 4
5 18 364 15
6 18 365 8
7 18 366 13
8 18 367 14
9 18 368 19
10 18 369 7
11 18 370 3
12 18 371 1
13 18 372 18
14 18 373 17
15 18 374 16
16 18 375 1
17 18 376 3
18 18 377 9
19 18 378 16
0 19 379 13
1 19 380 13
2 19 381 17
3 19 382 10
4 19 383 13
5 19 384 10
6 19 385 3
7 19 386 8
8 19 387 15
9 19 388 15
10 19 389 10
11 19 390 3
12 19 391 1
13 19 392 17
14 19 393 12
15 19 394 12
16 19 395 9
17 19 396 14
18 19 397 4
19 19 398 15
0 0 399 0
1 0 400 0
2 0 401 16
3 0 402 17
4 0 403 17
5 0 404 5
6 0 405 0
7 0 406 13
8 0 407 11
9 0 408 9
10 0 409 8
11 0 410 5
12 0 411 7
13 0 412 2
14 0 413 18
15 0 414 0
16 0 415 13
17 0 416 8
18 0 417 15
19 0 418 0
0 1 419 15
1 1 420 11
2 1 421 8
3 1 422 3
4 1 423 16
5 1 424 10
6 1 425 4
7 1 426 10
8 1 427 18
9 1 428 9
10 1 429 13
11 1 430 9
12 1 431 3
13 1 432 2
14 1 433 4
15 1 434 2
16 1 435 6
17 1 436 10
18 1 437 12
19 1 438 7
0 2 439 2
1 2 440 3
2 2 441 19
3 2 442 12
4 2 443 11
5 2 444 2
6 2 445 11
7 2 446 12
8 2 447 14
9 2 448 10
10 2 449 16
11 2 450 13
12 2 451 3
13 2 452 4
14 2 453 14
15 2 454 4
16 2 455 15
17 2 456 16
18 2 457 0
19 2 458 16
0 3 459 11
1 3 460 14
2 3 461 17
3 3 462 11
4 3 463 0
5 3 464 16
6 3 465 13
7 3 466 12
8 3 467 12
9 3 468 0
10 3 469 14
11 3 470 6
12 3 471 6
13 3 472 8
14 3 473 16
15 3 474 19
16 3 475 12
17 3 476 14
18 3 477 9
19 3 478 13
0 4 479 14
1 4 480 7
2 4 481 11
3 4 482 8
4 4 483 3
5 4 484 10
6 4 485 10
7 4 486 19
8 4 487 3
9 4 488 15
10 4 489 14
11 4 490 16
12 4 491 0
13 4 492 11
14 4 493 1
15 4 494 10
16 4 495 3
17 4 496 8
18 4 497 13
19 4 498 9
0 5 499 18
1 5 500 12
2 5 501 8
3 5 502 14
4 5 503 12
5 5 504 10
6 5 505 10
7 5 506 5
8 5 507 13
9 5 508 6
10 5 509 19
11 5 510 18
12 5 511 2
13 5 512 9
14 5 513 9
15 5 514 16
16 5 515 6
17 5 516 14
18 5 517 10
19 5 518 16
0 6 519 17
1 6 520 13
2 6 521 16
3 6 522 10
4 6 523 17
5 6 524 2
6 6 525 1
7 6 526 11
8 6 527 15
9 6 528 13
10 6 529 1
11 6 530 2
12 6 531 13
13 6 532 14
14 6 533 16
15 6 534 19
16 6 535 14
17 6 536 15
18 6 537 1
19 6 538 9
0 7 539 5
1 7 540 10
2 7 541 5
3 7 542 6
4 7 543 19
5 7 544 1
6 7 545 5
7 7 546 0
8 7 547 3
9 7 548 9
10 7 549 8
11 7 550 14
12 7 551 6
13 7 552 3
14 7 553 7
15 7 554 7
16 7 555 19
17 7 556 10
18 7 557 10
19 7 558 10
0 8 559 9
1 8 560 17
2 8 561 11
3 8 562 9
4 8 563 8
5 8 564 16
6 8 565 5
7 8 566 12
8 8 567 5
9 8 568 0
10 8 569 16
11 8 570 3
12 8 571 10
13 8 572 15
14 8 573 7
15 8 574 10
16 8 575 7
17 8 576 15
18 8 577 18
19 8 578 7
0 9 579 9
1 9 580 17
2 9 581 13
3 9 582 9
4 9 583 1
5 9 584 15
6 9 585 5
7 9 586 9
8 9 587 1
9 9 588 18
10 9 589 14
11 9 590 17
12 9 591 11
13 9 592 11
14 9 593 10
15 9 594 15
16 9 595 15
17 9 596 1
18 9 597 8
19 9 598 7
0 10 599 3
1 10 600 18
2 10 601 7
3 10 602 6
4 10 603 2
5 10 604 11
6 10 605 4
7 10 606 3
8 10 607 0
9 10 608 17
10 10 609 5
11 10 610 2
12 10 611 16
13 10 612 13
14 10 613 0
15 10 614 10
16 10 615 18
17 10 616 9
18 10 617 6
19 10 618 5
0 11 619 10
1 11 620 6
2 11 621 18
3 11 622 15
4 11 623 15
5 11 624 18
6 11 625 15
7 11 626 19
8 11 627 19
9 11 628 5
10 11 629 11
11 11 630 17
12 11 631 7
13 11 632 4
14 11 633 9
15 11 634 12
16 11 635 13
17 11 636 17
18 11 637 13
19 11 638 4
0 12 639 11
1 12 640 12
2 12 641 18
3 12 642 2
4 12 643 0
5 12 644 0
6 12 645 5
7 12 646 3
8 12 647 12
9 12 648 17
10 12 649 9
11 12 650 10
12 12 651 4
13 12 652 13
14 12 653 14
15 12 654 3
16 12 655 2
17 12 656 7
18 12 657 8
19 12 658 14
0 13 659 4
1 13 660 9
2 13 661 1
3 13 662 0
4 13 663 13
5 13 664 16
6 13 665 8
7 13 666 2
8 13 667 7
9 13 668 18
10 13 669 1
11 13 670 18
12 13 671 0
13 13 672 4
14 13 673 9
15 13 674 11
16 13 675 14
17 13 676 19
18 13 677 5
19 13 678 7
0 14 679 13
1 14 680 16
2 14 681 13
3 14 682 18
4 14 683 12
5 14 684 6
6 14 685 10
7 14 686 12
8 14 687 2
9 14 688 11
10 14 689 1
11 14 690 1
12 14 691 10
13 14 692 4
14 14 693 0
15 14 694 18
16 14 695 1
17 14 696 5
18 14 697 3
19 14 698 17
0 15 699 4
1 15 700 3
2 15 701 1
3 15 702 3
4 15 703 14
5 15 704 5
6 15 705 15
7 15 706 17
8 15 707 5
9 15 708 6
10 15 709 2
11 15 710 8
12 15 711 18
13 15 712 9
14 15 713 4
15 15 714 10
16 15 715 19
17 15 716 4
18 15 717 18
19 15 718 18
0 16 719 19
1 16 720 0
2 16 721 12
3 16 722 17
4 16 723 17
5 16 724 17
6 16 725 7
7 16 726 19
8 16 727 2
9 16 728 0
10 16 729 4
11 16 730 5
12 16 731 16
13 16 732 16
14 16 733 18
15 16 734 19
16 16 735 18
17 16 736 14
18 16 737 3
19 16 738 1
0 17 739 0
1 17 740 5
2 17 741 13
3 17 742 4
4 17 743 14
5 17 744 12
6 17 745 5
7 17 746 0
8 17 747 11
9 17 748 15
10 17 749 15
11 17 750 11
12 17 751 9
13 17 752 12
14 17 753 18
15 17 754 14
16 17 755 19
17 17 756 14
18 17 757 9
19 17 758 7
0 18 759 13
1 18 760 11
2 18 761 9
3 18 762 11
4 18 763 4
5 18 764 15
6 18 765 8
7 18 766 13
8 18 767 14
9 18 768 19
10 18 769 7
11 18 770 3
12 18 771 1
13 18 772 18
14 18 773 17
15 18 774 16
16 18 775 1
17 18 776 3
18 18 777 9
19 18 778 16
0 19 779 13
1 19 780 13
2 19 781 17
3 19 782 10
4 19 783 13
5 19 784 10
6 19 785 3
7 19 786 8
8 19 787 15
9 19 788 15
10 19 789 10
11 19 790 3
12 19 791 1
13 19 792 17
14 19 793 12
15 19 794 12
16 19 795 9
17 19 796 14
18 19 797 4
19 19 798 15