Shape of grid: 20 20
0 0 0 1
1 0 1 1
2 0 2 1
3 0 3 1
4 0 4 1
5 0 5 1
6 0 6 1
7 0 7 1
8 0 8 1
9 0 9 1
10 0 10 1
11 0 11 1
12 0 12 1
13 0 13 1
14 0 14 1
15 0 15 1
16 0 16 1
17 0 17 1
18 0 18 1
19 0 19 1
0 1 20 1
1 1 21 1
2 1 22 1
3 1 23 1
4 1 24 1
5 1 25 1
6 1 26 1
7 1 27 1
8 1 28 1
9 1 29 1
10 1 30 1
11 1 31 1
12 1 32 1
13 1 33 1
14 1 34 1
15 1 35 1
16 1 36 1
17 1 37 1
18 1 38 1
19 1 39 1
0 2 40 1
1 2 41 1
2 2 42 1
3 2 43 1
4 2 44 1
5 2 45 1
6 2 46 1
7 2 47 1
8 2 48 1
9 2 49 1
10 2 50 1
11 2 51 1
12 2 52 1
13 2 53 1
14 2 54 1
15 2 55 1
16 2 56 1
17 2 57 1
18 2 58 1
19 2 59 1
0 3 60 1
1 3 61 1
2 3 62 1
3 3 63 1
4 3 64 1
5 3 65 1
6 3 66 1
7 3 67 1
8 3 68 1
9 3 69 1
10 3 70 1
11 3 71 1
12 3 72 1
13 3 73 1
14 3 74 1
15 3 75 1
16 3 76 1
17 3 77 1
18 3 78 1
19 3 79 1
0 4 80 1
1 4 81 1
2 4 82 1
3 4 83 1
4 4 84 1
5 4 85 1
6 4 86 1
7 4 87 1
8 4 88 1
9 4 89 1
10 4 90 1
11 4 91 1
12 4 92 1
13 4 93 1
14 4 94 1
15 4 95 1
16 4 96 1
17 4 97 1
18 4 98 1
19 4 99 1
0 5 100 1
1 5 101 1
2 5 102 1
3 5 103 1
4 5 104 1
5 5 105 1
6 5 106 1
7 5 107 1
8 5 108 1
9 5 109 1
10 5 110 1
11 5 111 1
12 5 112 1
13 5 113 1
14 5 114 1
15 5 115 1
16 5 116 1
17 5 117 1
18 5 118 1
19 5 119 1
0 6 120 1
1 6 121 1
2 6 122 1
3 6 123 1
4 6 124 1
5 6 125 1
6 6 126 1
7 6 127 1
8 6 128 1
9 6 129 1
10 6 130 1
11 6 131 1
12 6 132 1
13 6 133 1
14 6 134 1
15 6 135 1
16 6 136 1
17 6 137 1
18 6 138 1
19 6 139 1
0 7 140 1
1 7 141 1
2 7 142 1
3 7 143 1
4 7 144 1
5 7 145 1
6 7 146 1
7 7 147 1
8 7 148 1
9 7 149 1
10 7 150 1
11 7 151 1
12 7 152 1
13 7 153 1
14 7 154 1
15 7 155 1
16 7 156 1
17 7 157 1
18 7 158 1
19 7 159 1
0 8 160 1
1 8 161 1
2 8 162 1
3 8 163 1
4 8 164 1
5 8 165 1
6 8 166 1
7 8 167 1
8 8 168 1
9 8 169 1
10 8 170 1
11 8 171 1
12 8 172 1
13 8 173 1
14 8 174 1
15 8 175 1
16 8 176 1
17 8 177 1
18 8 178 1
19 8 179 1
0 9 180 1
1 9 181 1
2 9 182 1
3 9 183 1
4 9 184 1
5 9 185 1
6 9 186 1
7 9 187 1
8 9 188 1
9 9 189 1
10 9 190 1
11 9 191 1
12 9 192 1
13 9 193 1
14 9 194 1
15 9 195 1
16 9 196 1
17 9 197 1
18 9 198 1
19 9 199 1
0 10 200 1
1 10 201 1
2 10 202 1
3 10 203 1
4 10 204 1
5 10 205 1
6 10 206 1
7 10 207 1
8 10 208 1
9 10 209 1
10 10 210 1
11 10 211 1
12 10 212 1
13 10 213 1
14 10 214 1
15 10 215 1
16 10 216 1
17 10 217 1
18 10 218 1
19 10 219 1
0 11 220 1
1 11 221 1
2 11 222 1
3 11 223 1
4 11 224 1
5 11 225 1
6 11 226 1
7 11 227 1
8 11 228 1
9 11 229 1
10 11 230 1
11 11 231 1
12 11 232 1
13 11 233 1
14 11 234 1
15 11 235 1
16 11 236 1
17 11 237 1
18 11 238 1
19 11 239 1
0 12 240 1
1 12 241 1
2 12 242 1
3 12 243 1
4 12 244 1
5 12 245 1
6 12 246 1
7 12 247 1
8 12 248 1
9 12 249 1
10 12 250 1
11 12 251 1
12 12 252 1
13 12 253 1
14 12 254 1
15 12 255 1
16 12 256 1
17 12 257 1
18 12 258 1
19 12 259 1
0 13 260 1
1 13 261 1
2 13 262 1
3 13 263 1
4 13 264 1
5 13 265 1
6 13 266 1
7 13 267 1
8 13 268 1
9 13 269 1
10 13 270 1
11 13 271 1
12 13 272 1
13 13 273 1
14 13 274 1
15 13 275 1
16 13 276 1
17 13 277 1
18 13 278 1
19 13 279 1
0 14 280 1
1 14 281 1
2 14 282 1
3 14 283 1
4 14 284 1
5 14 285 1
6 14 286 1
7 14 287 1
8 14 288 1
9 14 289 1
10 14 290 1
11 14 291 1
13 14 292 1
14 14 293 1
15 14 294 1
16 14 295 1
17 14 296 1
18 14 297 1
19 14 298 1
0 15 299 1
1 15 300 1
2 15 301 1
3 15 302 1
4 15 303 1
5 15 304 1
6 15 305 1
7 15 306 1
8 15 307 1
9 15 308 1
10 15 309 1
11 15 310 1
12 15 311 1
13 15 312 1
14 15 313 1
15 15 314 1
16 15 315 1
17 15 316 1
18 15 317 1
19 15 318 1
0 16 319 1
1 16 320 1
2 16 321 1
3 16 322 1
4 16 323 1
5 16 324 1
6 16 325 1
7 16 326 1
8 16 327 1
9 16 328 1
10 16 329 1
11 16 330 1
12 16 331 1
13 16 332 1
14 16 333 1
15 16 334 1
16 16 335 1
17 16 336 1
18 16 337 1
19 16 338 1
0 17 339 1
1 17 340 1
2 17 341 1
3 17 342 1
4 17 343 1
5 17 344 1
6 17 345 1
7 17 346 1
8 17 347 1
9 17 348 1
10 17 349 1
11 17 350 1
12 17 351 1
13 17 352 1
14 17 353 1
15 17 354 1
16 17 355 1
17 17 356 1
18 17 357 1
19 17 358 1
0 18 359 1
1 18 360 1
2 18 361 1
3 18 362 1
4 18 363 1
5 18 364 1
6 18 365 1
7 18 366 1
8 18 367 1
9 18 368 1
10 18 369 1
11 18 370 1
12 18 371 1
13 18 372 1
14 18 373 1
15 18 374 1
16 18 375 1
17 18 376 1
18 18 377 1
19 18 378 1
0 19 379 1
1 19 380 1
2 19 381 1
3 19 382 1
4 19 383 1
5 19 384 1
6 19 385 1
7 19 386 1
8 19 387 1
9 19 388 1
10 19 389 1
11 19 390 1
12 19 391 1
13 19 392 1
14 19 393 1
15 19 394 1
16 19 395 1
17 19 396 1
18 19 397 1
19 19 398 1
0 0 399 1
1 0 400 1
2 0 401 1
3 0 402 1
4 0 403 1
5 0 404 1
6 0 405 1
7 0 406 1
8 0 407 1
9 0 408 1
10 0 409 1
11 0 410 1
12 0 411 1
13 0 412 1
14 0 413 1
15 0 414 1
16 0 415 1
17 0 416 1
18 0 417 1
19 0 418 1
0 1 419 1
1 1 420 1
2 1 421 1
3 1 422 1
4 1 423 1
5 1 424 1
6 1 425 1
7 1 426 1
8 1 427 1
9 1 428 1
10 1 429 1
11 1 430 1
12 1 431 1
13 1 432 1
14 1 433 1
15 1 434 1
16 1 435 1
17 1 436 1
18 1 437 1
19 1 438 1
0 2 439 1
1 2 440 1
2 2 441 1
3 2 442 1
4 2 443 1
5 2 444 1
6 2 445 1
7 2 446 1
8 2 447 1
9 2 448 1
10 2 449 1
11 2 450 1
12 2 451 1
13 2 452 1
14 2 453 1
15 2 454 1
16 2 455 1
17 2 456 1
18 2 457 1
19 2 458 1
0 3 459 1
1 3 460 1
2 3 461 1
3 3 462 1
4 3 463 1
5 3 464 1
6 3 465 1
7 3 466 1
8 3 467 1
9 3 468 1
10 3 469 1
11 3 470 1
12 3 471 1
13 3 472 1
14 3 473 1
15 3 474 1
16 3 475 1
17 3 476 1
18 3 477 1
19 3 478 1
0 4 479 1
1 4 480 1
2 4 481 1
3 4 482 1
4 4 483 1
5 4 484 1
6 4 485 1
7 4 486 1
8 4 487 1
9 4 488 1
10 4 489 1
11 4 490 1
12 4 491 1
13 4 492 1
14 4 493 1
15 4 494 1
16 4 495 1
17 4 496 1
18 4 497 1
19 4 498 1
0 5 499 1
1 5 500 1
2 5 501 1
3 5 502 1
4 5 503 1
5 5 504 1
6 5 505 1
7 5 506 1
8 5 507 1
9 5 508 1
10 5 509 1
11 5 510 1
12 5 511 1
13 5 512 1
14 5 513 1
15 5 514 1
16 5 515 1
17 5 516 1
18 5 517 1
19 5 518 1
0 6 519 1
1 6 520 1
2 6 521 1
3 6 522 1
4 6 523 1
5 6 524 1
6 6 525 1
7 6 526 1
8 6 527 1
9 6 528 1
10 6 529 1
11 6 530 1
12 6 531 1
13 6 532 1
14 6 533 1
15 6 534 1
16 6 535 1
17 6 536 1
18 6 537 1
19 6 538 1
0 7 539 1
1 7 540 1
2 7 541 1
3 7 542 1
4 7 543 1
5 7 544 1
6 7 545 1
7 7 546 1
8 7 547 1
9 7 548 1
10 7 549 1
11 7 550 1
12 7 551 1
13 7 552 1
14 7 553 1
15 7 554 1
16 7 555 1
17 7 556 1
18 7 557 1
19 7 558 1
0 8 559 1
1 8 560 1
2 8 561 1
3 8 562 1
4 8 563 1
5 8 564 1
6 8 565 1
7 8 566 1
8 8 567 1
9 8 568 1
10 8 569 1
11 8 570 1
12 8 571 1
13 8 572 1
14 8 573 1
15 8 574 1
16 8 575 1
17 8 576 1
18 8 577 1
19 8 578 1
0 9 579 1
1 9 580 1
2 9 581 1
3 9 582 1
4 9 583 1
5 9 584 1
6 9 585 1
7 9 586 1
8 9 587 1
9 9 588 1
10 9 589 1
11 9 590 1
12 9 591 1
13 9 592 1
14 9 593 1
15 9 594 1
16 9 595 1
17 9 596 1
18 9 597 1
19 9 598 1
0 10 599 1
1 10 600 1
2 10 601 1
3 10 602 1
4 10 603 1
5 10 604 1
6 10 605 1
7 10 606 1
8 10 607 1
9 10 608 1
10 10 609 1
11 10 610 1
12 10 611 1
13 10 612 1
14 10 613 1
15 10 614 1
16 10 615 1
17 10 616 1
18 10 617 1
19 10 618 1
0 11 619 1
1 11 620 1
2 11 621 1
3 11 622 1
4 11 623 1
5 11 624 1
6 11 625 1
7 11 626 1
8 11 627 1
9 11 628 1
10 11 629 1
11 11 630 1
12 11 631 1
13 11 632 1
14 11 633 1
15 11 634 1
16 11 635 1
17 11 636 1
18 11 637 1
19 11 638 1
0 12 639 1
1 12 640 1
2 12 641 1
3 12 642 1
4 12 643 1
5 12 644 1
6 12 645 1
7 12 646 1
8 12 647 1
9 12 648 1
10 12 649 1
11 12 650 1
12 12 651 1
13 12 652 1
14 12 653 1
15 12 654 1
16 12 655 1
17 12 656 1
18 12 657 1
19 12 658 1
0 13 659 1
1 13 660 1
2 13 661 1
3 13 662 1
4 13 663 1
5 13 664 1
6 13 665 1
7 13 666 1
8 13 667 1
9 13 668 1
10 13 669 1
11 13 670 1
12 13 671 1
13 13 672 1
14 13 673 1
15 13 674 1
16 13 675 1
17 13 676 1
18 13 677 1
19 13 678 1
0 14 679 1
1 14 680 1
2 14 681 1
3 14 682 1
4 14 683 1
5 14 684 1
6 14 685 1
7 14 686 1
8 14 687 1
9 14 688 1
10 14 689 1
11 14 690 1
12 14 691 1
13 14 692 1
14 14 693 1
15 14 694 1
16 14 695 1
17 14 696 1
18 14 697 1
19 14 698 1
0 15 699 1
1 15 700 1
2 15 701 1
3 15 702 1
4 15 703 1
5 15 704 1
6 15 705 1
7 15 706 1
8 15 707 1
9 15 708 1
10 15 709 1
11 15 710 1
12 15 711 1
13 15 712 1
14 15 713 1
15 15 714 1
16 15 715 1
17 15 716 1
18 15 717 1
19 15 718 1
0 16 719 1
1 16 720 1
2 16 721 1
3 16 722 1
4 16 723 1
5 16 724 1
6 16 725 1
7 16 726 1
8 16 727 1
9 16 728 1
10 16 729 1
11 16 730 1
12 16 731 1
13 16 732 1
14 16 733 1
15 16 734 1
16 16 735 1
17 16 736 1
18 16 737 1
19 16 738 1
0 17 739 1
1 17 740 1
2 17 741 1
3 17 742 1
4 17 743 1
5 17 744 1
6 17 745 1
7 17 746 1
8 17 747 1
9 17 748 1
10 17 749 1
11 17 750 1
12 17 751 1
13 17 752 1
14 17 753 1
15 17 754 1
16 17 755 1
17 17 756 1
18 17 757 1
19 17 758 1
0 18 759 1
1 18 760 1
2 18 761 1
3 18 762 1
4 18 763 1
5 18 764 1
6 18 765 1
7 18 766 1
8 18 767 1
9 18 768 1
10 18 769 1
11 18 770 1
12 18 771 1
13 18 772 1
14 18 773 1
15 18 774 1
16 18 775 1
17 18 776 1
18 18 777 1
19 18 778 1
0 19 779 1
1 19 780 1
2 19 781 1
3 19 782 1
4 19 783 1
5 19 784 1
6 19 785 1
7 19 786 1
8 19 787 1
9 19 788 1
10 19 789 1
11 19 790 1
12 19 791 1
13 19 792 1
14 19 793 1
15 19 794 1
16 19 795 1
17 19 796 1
18 19 797 1
19 19 798 1