Shape of grid: 20 20
0 0 0 0
1 0 1 0
2 0 2 0
3 0 3 0
4 0 4 0
5 0 5 0
6 0 6 0
7 0 7 0
8 0 8 0
9 0 9 0
10 0 10 0
11 0 11 0
12 0 12 0
13 0 13 0
14 0 14 0
15 0 15 0
16 0 16 0
17 0 17 0
18 0 18 0
19 0 19 0
0 1 20 1
1 1 21 1
2 1 22 1
3 1 23 1
4 1 24 1
5 1 25 1
6 1 26 1
7 1 27 1
8 1 28 1
9 1 29 1
10 1 30 1
11 1 31 1
12 1 32 1
13 1 33 1
14 1 34 1
15 1 35 1
16 1 36 1
17 1 37 1
18 1 38 1
19 1 39 1
0 2 40 2
1 2 41 2
2 2 42 2
3 2 43 2
4 2 44 2
5 2 45 2
6 2 46 2
7 2 47 2
8 2 48 2
9 2 49 2
10 2 50 2
11 2 51 2
12 2 52 2
13 2 53 2
14 2 54 2
15 2 55 2
16 2 56 2
17 2 57 2
18 2 58 2
19 2 59 2
0 3 60 3
1 3 61 3
2 3 62 3
3 3 63 3
4 3 64 3
5 3 65 3
6 3 66 3
7 3 67 3
8 3 68 3
9 3 69 3
10 3 70 3
11 3 71 3
12 3 72 3
13 3 73 3
14 3 74 3
15 3 75 3
16 3 76 3
17 3 77 3
18 3 78 3
19 3 79 3
0 4 80 4
1 4 81 4
2 4 82 4
3 4 83 4
4 4 84 4
5 4 85 4
6 4 86 4
7 4 87 4
8 4 88 4
9 4 89 4
10 4 90 4
11 4 91 4
12 4 92 4
13 4 93 4
14 4 94 4
15 4 95 4
16 4 96 4
17 4 97 4
18 4 98 4
19 4 99 4
0 5 100 5
1 5 101 5
2 5 102 5
3 5 103 5
4 5 104 5
5 5 105 5
6 5 106 5
7 5 107 5
8 5 108 5
9 5 109 5
10 5 110 5
11 5 111 5
12 5 112 5
13 5 113 5
14 5 114 5
15 5 115 5
16 5 116 5
17 5 117 5
18 5 118 5
19 5 119 5
0 6 120 6
1 6 121 6
2 6 122 6
3 6 123 6
4 6 124 6
5 6 125 6
6 6 126 6
7 6 127 6
8 6 128 6
9 6 129 6
10 6 130 6
11 6 131 6
12 6 132 6
13 6 133 6
14 6 134 6
15 6 135 6
16 6 136 6
17 6 137 6
18 6 138 6
19 6 139 6
0 7 140 7
1 7 141 7
2 7 142 7
3 7 143 7
4 7 144 7
5 7 145 7
6 7 146 7
7 7 147 7
8 7 148 7
9 7 149 7
10 7 150 7
11 7 151 7
12 7 152 7
13 7 153 7
14 7 154 7
15 7 155 7
16 7 156 7
17 7 157 7
18 7 158 7
19 7 159 7
0 8 160 8
1 8 161 8
2 8 162 8
3 8 163 8
4 8 164 8
5 8 165 8
6 8 166 8
7 8 167 8
8 8 168 8
9 8 169 8
10 8 170 8
11 8 171 8
12 8 172 8
13 8 173 8
14 8 174 8
15 8 175 8
16 8 176 8
17 8 177 8
18 8 178 8
19 8 179 8
0 9 180 9
1 9 181 9
2 9 182 9
3 9 183 9
4 9 184 9
5 9 185 9
6 9 186 9
7 9 187 9
8 9 188 9
9 9 189 9
10 9 190 9
11 9 191 9
12 9 192 9
13 9 193 9
14 9 194 9
15 9 195 9
16 9 196 9
17 9 197 9
18 9 198 9
19 9 199 9
0 10 200 10
1 10 201 10
2 10 202 10
3 10 203 10
4 10 204 10
5 10 205 10
6 10 206 10
7 10 207 10
8 10 208 10
9 10 209 10
10 10 210 10
11 10 211 10
12 10 212 10
13 10 213 10
14 10 214 10
15 10 215 10
16 10 216 10
17 10 217 10
18 10 218 10
19 10 219 10
0 11 220 11
1 11 221 11
2 11 222 11
3 11 223 11
4 11 224 11
5 11 225 11
6 11 226 11
7 11 227 11
8 11 228 11
9 11 229 11
10 11 230 11
11 11 231 11
12 11 232 11
13 11 233 11
14 11 234 11
15 11 235 11
16 11 236 11
17 11 237 11
18 11 238 11
19 11 239 11
0 12 240 12
1 12 241 12
2 12 242 12
3 12 243 12
4 12 244 12
5 12 245 12
6 12 246 12
7 12 247 12
8 12 248 12
9 12 249 12
10 12 250 12
11 12 251 12
12 12 252 12
13 12 253 12
14 12 254 12
15 12 255 12
16 12 256 12
17 12 257 12
18 12 258 12
19 12 259 12
0 13 260 13
1 13 261 13
2 13 262 13
3 13 263 13
4 13 264 13
5 13 265 13
6 13 266 13
7 13 267 13
8 13 268 13
9 13 269 13
10 13 270 13
11 13 271 13
12 13 272 13
13 13 273 13
14 13 274 13
15 13 275 13
16 13 276 13
17 13 277 13
18 13 278 13
19 13 279 13
0 14 280 14
1 14 281 14
2 14 282 14
3 14 283 14
4 14 284 14
5 14 285 14
6 14 286 14
7 14 287 14
8 14 288 14
9 14 289 14
10 14 290 14
11 14 291 14
13 14 292 14
14 14 293 14
15 14 294 14
16 14 295 14
17 14 296 14
18 14 297 14
19 14 298 14
0 15 299 15
1 15 300 15
2 15 301 15
3 15 302 15
4 15 303 15
5 15 304 15
6 15 305 15
7 15 306 15
8 15 307 15
9 15 308 15
10 15 309 15
11 15 310 15
12 15 311 15
13 15 312 15
14 15 313 15
15 15 314 15
16 15 315 15
17 15 316 15
18 15 317 15
19 15 318 15
0 16 319 16
1 16 320 16
2 16 321 16
3 16 322 16
4 16 323 16
5 16 324 16
6 16 325 16
7 16 326 16
8 16 327 16
9 16 328 16
10 16 329 16
11 16 330 16
12 16 331 16
13 16 332 16
14 16 333 16
15 16 334 16
16 16 335 16
17 16 336 16
18 16 337 16
19 16 338 16
0 17 339 17
1 17 340 17
2 17 341 17
3 17 342 17
4 17 343 17
5 17 344 17
6 17 345 17
7 17 346 17
8 17 347 17
9 17 348 17
10 17 349 17
11 17 350 17
12 17 351 17
13 17 352 17
14 17 353 17
15 17 354 17
16 17 355 17
17 17 356 17
18 17 357 17
19 17 358 17
0 18 359 18
1 18 360 18
2 18 361 18
3 18 362 18
4 18 363 18
5 18 364 18
6 18 365 18
7 18 366 18
8 18 367 18
9 18 368 18
10 18 369 18
11 18 370 18
12 18 371 18
13 18 372 18
14 18 373 18
15 18 374 18
16 18 375 18
17 18 376 18
18 18 377 18
19 18 378 18
0 19 379 19
1 19 380 19
2 19 381 19
3 19 382 19
4 19 383 19
5 19 384 19
6 19 385 19
7 19 386 19
8 19 387 19
9 19 388 19
10 19 389 19
11 19 390 19
12 19 391 19
13 19 392 19
14 19 393 19
15 19 394 19
16 19 395 19
17 19 396 19
18 19 397 19
19 19 398 19
0 0 399 0
1 0 400 0
2 0 401 0
3 0 402 0
4 0 403 0
5 0 404 0
6 0 405 0
7 0 406 0
8 0 407 0
9 0 408 0
10 0 409 0
11 0 410 0
12 0 411 0
13 0 412 0
14 0 413 0
15 0 414 0
16 0 415 0
17 0 416 0
18 0 417 0
19 0 418 0
0 1 419 1
1 1 420 1
2 1 421 1
3 1 422 1
4 1 423 1
5 1 424 1
6 1 425 1
7 1 426 1
8 1 427 1
9 1 428 1
10 1 429 1
11 1 430 1
12 1 431 1
13 1 432 1
14 1 433 1
15 1 434 1
16 1 435 1
17 1 436 1
18 1 437 1
19 1 438 1
0 2 439 2
1 2 440 2
2 2 441 2
3 2 442 2
4 2 443 2
5 2 444 2
6 2 445 2
7 2 446 2
8 2 447 2
9 2 448 2
10 2 449 2
11 2 450 2
12 2 451 2
13 2 452 2
14 2 453 2
15 2 454 2
16 2 455 2
17 2 456 2
18 2 457 2
19 2 458 2
0 3 459 3
1 3 460 3
2 3 461 3
3 3 462 3
4 3 463 3
5 3 464 3
6 3 465 3
7 3 466 3
8 3 467 3
9 3 468 3
10 3 469 3
11 3 470 3
12 3 471 3
13 3 472 3
14 3 473 3
15 3 474 3
16 3 475 3
17 3 476 3
18 3 477 3
19 3 478 3
0 4 479 4
1 4 480 4
2 4 481 4
3 4 482 4
4 4 483 4
5 4 484 4
6 4 485 4
7 4 486 4
8 4 487 4
9 4 488 4
10 4 489 4
11 4 490 4
12 4 491 4
13 4 492 4
14 4 493 4
15 4 494 4
16 4 495 4
17 4 496 4
18 4 497 4
19 4 498 4
0 5 499 5
1 5 500 5
2 5 501 5
3 5 502 5
4 5 503 5
5 5 504 5
6 5 505 5
7 5 506 5
8 5 507 5
9 5 508 5
10 5 509 5
11 5 510 5
12 5 511 5
13 5 512 5
14 5 513 5
15 5 514 5
16 5 515 5
17 5 516 5
18 5 517 5
19 5 518 5
0 6 519 6
1 6 520 6
2 6 521 6
3 6 522 6
4 6 523 6
5 6 524 6
6 6 525 6
7 6 526 6
8 6 527 6
9 6 528 6
10 6 529 6
11 6 530 6
12 6 531 6
13 6 532 6
14 6 533 6
15 6 534 6
16 6 535 6
17 6 536 6
18 6 537 6
19 6 538 6
0 7 539 7
1 7 540 7
2 7 541 7
3 7 542 7
4 7 543 7
5 7 544 7
6 7 545 7
7 7 546 7
8 7 547 7
9 7 548 7
10 7 549 7
11 7 550 7
12 7 551 7
13 7 552 7
14 7 553 7
15 7 554 7
16 7 555 7
17 7 556 7
18 7 557 7
19 7 558 7
0 8 559 8
1 8 560 8
2 8 561 8
3 8 562 8
4 8 563 8
5 8 564 8
6 8 565 8
7 8 566 8
8 8 567 8
9 8 568 8
10 8 569 8
11 8 570 8
12 8 571 8
13 8 572 8
14 8 573 8
15 8 574 8
16 8 575 8
17 8 576 8
18 8 577 8
19 8 578 8
0 9 579 9
1 9 580 9
2 9 581 9
3 9 582 9
4 9 583 9
5 9 584 9
6 9 585 9
7 9 586 9
8 9 587 9
9 9 588 9
10 9 589 9
11 9 590 9
12 9 591 9
13 9 592 9
14 9 593 9
15 9 594 9
16 9 595 9
17 9 596 9
18 9 597 9
19 9 598 9
0 10 599 10
1 10 600 10
2 10 601 10
3 10 602 10
4 10 603 10
5 10 604 10
6 10 605 10
7 10 606 10
8 10 607 10
9 10 608 10
10 10 609 10
11 10 610 10
12 10 611 10
13 10 612 10
14 10 613 10
15 10 614 10
16 10 615 10
17 10 616 10
18 10 617 10
19 10 618 10
0 11 619 11
1 11 620 11
2 11 621 11
3 11 622 11
4 11 623 11
5 11 624 11
6 11 625 11
7 11 626 11
8 11 627 11
9 11 628 11
10 11 629 11
11 11 630 11
12 11 631 11
13 11 632 11
14 11 633 11
15 11 634 11
16 11 635 11
17 11 636 11
18 11 637 11
19 11 638 11
0 12 639 12
1 12 640 12
2 12 641 12
3 12 642 12
4 12 643 12
5 12 644 12
6 12 645 12
7 12 646 12
8 12 647 12
9 12 648 12
10 12 649 12
11 12 650 12
12 12 651 12
13 12 652 12
14 12 653 12
15 12 654 12
16 12 655 12
17 12 656 12
18 12 657 12
19 12 658 12
0 13 659 13
1 13 660 13
2 13 661 13
3 13 662 13
4 13 663 13
5 13 664 13
6 13 665 13
7 13 666 13
8 13 667 13
9 13 668 13
10 13 669 13
11 13 670 13
12 13 671 13
13 13 672 13
14 13 673 13
15 13 674 13
16 13 675 13
17 13 676 13
18 13 677 13
19 13 678 13
0 14 679 14
1 14 680 14
2 14 681 14
3 14 682 14
4 14 683 14
5 14 684 14
6 14 685 14
7 14 686 14
8 14 687 14
9 14 688 14
10 14 689 14
11 14 690 14
12 14 691 14
13 14 692 14
14 14 693 14
15 14 694 14
16 14 695 14
17 14 696 14
18 14 697 14
19 14 698 14
0 15 699 15
1 15 700 15
2 15 701 15
3 15 702 15
4 15 703 15
5 15 704 15
6 15 705 15
7 15 706 15
8 15 707 15
9 15 708 15
10 15 709 15
11 15 710 15
12 15 711 15
13 15 712 15
14 15 713 15
15 15 714 15
16 15 715 15
17 15 716 15
18 15 717 15
19 15 718 15
0 16 719 16
1 16 720 16
2 16 721 16
3 16 722 16
4 16 723 16
5 16 724 16
6 16 725 16
7 16 726 16
8 16 727 16
9 16 728 16
10 16 729 16
11 16 730 16
12 16 731 16
13 16 732 16
14 16 733 16
15 16 734 16
16 16 735 16
17 16 736 16
18 16 737 16
19 16 738 16
0 17 739 17
1 17 740 17
2 17 741 17
3 17 742 17
4 17 743 17
5 17 744 17
6 17 745 17
7 17 746 17
8 17 747 17
9 17 748 17
10 17 749 17
11 17 750 17
12 17 751 17
13 17 752 17
14 17 753 17
15 17 754 17
16 17 755 17
17 17 756 17
18 17 757 17
19 17 758 17
0 18 759 18
1 18 760 18
2 18 761 18
3 18 762 18
4 18 763 18
5 18 764 18
6 18 765 18
7 18 766 18
8 18 767 18
9 18 768 18
10 18 769 18
11 18 770 18
12 18 771 18
13 18 772 18
14 18 773 18
15 18 774 18
16 18 775 18
17 18 776 18
18 18 777 18
19 18 778 18
0 19 779 19
1 19 780 19
2 19 781 19
3 19 782 19
4 19 783 19
5 19 784 19
6 19 785 19
7 19 786 19
8 19 787 19
9 19 788 19
10 19 789 19
11 19 790 19
12 19 791 19
13 19 792 19
14 19 793 19
15 19 794 19
16 19 795 19
17 19 796 19
18 19 797 19
19 19 798 19